European Call; 3-Step, avgF, AsianPayOff: 7.62876

                        168.138   132.112   32.1118
                141.398   120.103   25.5909
                        118.911   119.805   19.8051
        118.911   109.455   15.1761
                        118.911   109.455   9.4555
                100   106.304   5.06282
                        84.0965   100.752   0.751877
100   100   7.62876
                        118.911   100.752   0.751877
                100   94.6988   0.373482
                        84.0965   92.0483   0
        84.0965   92.0483   0.18552
                        84.0965   84.7288   0
                70.7222   84.9396   0
                        59.4749   78.5734   0

European Put; 3-Step, avgF, AsianPayOff: 5.20377

                        168.138   132.112   0
                141.398   120.103   0
                        118.911   119.805   0
        118.911   109.455   0
                        118.911   109.455   0
                100   106.304   0
                        84.0965   100.752   0
100   100   5.20377
                        118.911   100.752   0
                100   94.6988   3.87042
                        84.0965   92.0483   7.95174
        84.0965   92.0483   10.6911
                        84.0965   84.7288   15.2712
                70.7222   84.9396   18.0148
                        59.4749   78.5734   21.4266

American Call; 3-Step, avgF, AsianPayOff: 7.92877

                        168.138   132.112   32.1118
                141.398   120.103   25.5909
                        118.911   119.805   19.8051
        118.911   109.455   15.7801
                        118.911   109.455   9.4555
                100   106.304   6.30366
                        84.0965   100.752   0.751877
100   100   7.92877
                        118.911   100.752   0.751877
                100   94.6988   0.373482
                        84.0965   92.0483   0
        84.0965   92.0483   0.18552
                        84.0965   84.7288   0
                70.7222   84.9396   0
                        59.4749   78.5734   0

American Put; 3-Step, avgF, AsianPayOff: 5.5497

                        168.138   132.112   0
                141.398   120.103   0
                        118.911   119.805   0
        118.911   109.455   0
                        118.911   109.455   0
                100   106.304   0
                        84.0965   100.752   0
100   100   5.5497
                        118.911   100.752   0
                100   94.6988   5.30116
                        84.0965   92.0483   7.95174
        84.0965   92.0483   11.4018
                        84.0965   84.7288   15.2712
                70.7222   84.9396   18.0148
                        59.4749   78.5734   21.4266

American Put; 3-Step, maxF, LookbackPayOffPut: 5.47018

                        70.6991   70.6991   0
                62.9892   62.9892   3.35621
                        56.12   62.9892   6.86914
        56.12   56.12   4.67875
                        56.12   56.12   0
                50   56.12   6.12005
                        44.5474   56.12   11.5727
50   50   5.47018
                        56.12   56.12   0
                50   50   2.66412
                        44.5474   50   5.45264
        44.5474   50   6.37804
                        44.5474   50   5.45264
                39.6894   50   10.3106
                        35.3611   50   14.6389

